939150-861962-65536 0 3 9105
939150-861963-65536 0 3 9105
939150-861964-65536 0 3 9105
939150-861965-65536 0 3 9105
939150-861966-65536 0 3 9105
939150-861967-65536 0 3 9105
939150-861968-65536 0 3 9027
939150-861969-65536 0 3 9027
939150-861970-65536 0 3 9027
939150-861971-65536 0 3 9027
939150-861972-65536 0 3 9027
939150-861973-65536 0 3 9027
939150-861974-65536 0 3 9027
939150-861975-65536 0 3 9027
939150-861976-65536 0 3 9027
939150-861977-65536 0 3 9105
939150-861978-65536 0 3 9105
939150-861979-65536 0 3 9105
939150-861980-65536 0 3 9105
939150-861981-65536 0 3 9105
939150-861982-65536 0 3 9105
939150-861983-65536 0 3 9105
939150-861984-65536 0 3 9105
939150-861985-65536 0 3 9105
939150-861986-65536 0 3 9105
939150-861987-65536 0 3 9105
939150-861988-65536 0 3 9105
939150-861989-65536 0 3 9105
939150-861990-65536 0 3 9105
939150-861991-65536 0 3 9105
939150-861992-65536 0 3 9105
939150-861993-65536 0 3 9105
939150-861994-65536 0 3 9105
939150-861995-65536 0 3 9105
939150-861996-65536 0 3 9105
939150-861997-65536 0 3 9105
939150-861998-65536 0 3 8949
939150-861999-65536 0 3 9027
939150-862000-65536 0 3 9027
939150-862001-65536 0 3 9027
939150-862002-65536 0 3 9027
939150-862003-65536 0 3 9027
939150-862004-65536 0 3 9027
939150-862005-65536 0 3 9027
939150-862006-65536 0 3 9027
939150-862007-65536 0 3 9105
939150-862008-65536 0 3 9105
939150-862009-65536 0 3 9105
939150-862010-65536 0 3 9105
939150-862011-65536 0 3 9105
939150-862012-65536 0 3 9105
939150-862013-65536 0 3 9105
939150-862014-65536 0 3 9105
939150-862015-65536 0 3 9105
939150-862016-65536 0 3 9105
939150-862017-65536 0 3 9105
939150-862018-65536 0 3 9105
939150-862019-65536 0 3 9105
939150-862020-65536 0 3 9105
939150-862021-65536 0 3 9105
939150-862022-65536 0 3 9105
939150-862023-65536 0 3 9105
939150-862024-65536 0 3 9105
939150-862025-65536 0 3 9105
939150-862026-65536 0 3 9105
939150-862027-65536 0 3 8949
939150-862028-65536 0 3 9027
939150-862029-65536 0 3 9027
939150-862030-65536 0 3 9027
939150-862031-65536 0 3 9027
939150-862032-65536 0 3 9027
939150-862033-65536 0 3 9027
939150-862034-65536 0 3 9027
939150-862035-65536 0 3 9027
939150-862036-65536 0 3 9105
939150-862037-65536 0 3 9105
939150-862038-65536 0 3 9105
939150-862039-65536 0 3 9105
939150-862040-65536 0 3 9105
939150-862041-65536 0 3 9105
939150-862042-65536 0 3 9105
939150-862043-65536 0 3 9105
939150-862044-65536 0 3 9105
939150-862045-65536 0 3 9105
939150-862046-65536 0 3 9105
939150-862047-65536 0 3 9105
939150-862048-65536 0 3 9105
939150-862049-65536 0 3 9105
939150-862050-65536 0 3 9105
939150-862051-65536 0 3 9105
939150-862052-65536 0 3 9105
939150-862053-65536 0 3 9105
939150-862054-65536 0 3 9105
939150-862055-65536 0 3 9105
939150-862056-65536 0 3 9105
939150-862057-65536 0 3 8949
939150-862058-65536 0 3 9027
939150-862059-65536 0 3 9027
939150-862060-65536 0 3 9027
939150-862061-65536 0 3 9027
939150-862062-65536 0 3 9027
939150-862063-65536 0 3 9027
939150-862064-65536 0 3 9027
939150-862065-65536 0 3 9027
939150-862066-65536 0 3 9105
939150-862067-65536 0 3 9105
939150-862068-65536 0 3 9105
939150-862069-65536 0 3 9105
939150-862070-65536 0 3 9105
939150-862071-65536 0 3 9105
939150-862072-65536 0 3 9105
939150-862073-65536 0 3 9105
939150-862074-65536 0 3 9105
939150-862075-65536 0 3 9105
939150-862076-65536 0 3 9105
939150-862077-65536 0 3 9105
939150-862078-65536 0 3 9105
939150-862079-65536 0 3 9105
939150-862080-65536 0 3 9105
939150-862081-65536 0 3 9105
939150-862082-65536 0 3 9105
939150-862083-65536 0 3 9105
939150-862084-65536 0 3 9105
939150-862085-65536 0 3 9105
939150-862086-65536 0 3 8949
939150-862087-65536 0 3 9027
939150-862088-65536 0 3 9027
939150-862089-65536 0 3 9027
939150-862090-65536 0 3 9027
939150-862091-65536 0 3 9027
939150-862092-65536 0 3 9027
939150-862093-65536 0 3 9027
939150-862094-65536 0 3 9027
939150-862095-65536 0 3 9105
939150-862096-65536 0 3 9105
939150-862097-65536 0 3 9105
939150-862098-65536 0 3 9105
939150-862099-65536 0 3 9105
939150-862100-65536 0 3 9105
939150-862101-65536 0 3 9105
939150-862102-65536 0 3 9105
939150-862103-65536 0 3 9105
939150-862104-65536 0 3 9105
939150-862105-65536 0 3 9105
939150-862250-65536 0 3 15965
939150-862251-65536 0 3 14322
939150-862252-65536 0 3 17123
939150-862253-65536 0 3 11871
939150-862254-65536 0 3 13828
939150-862255-65536 0 3 9860
939150-862256-65536 0 3 16071
939150-862257-65536 0 3 18860
939150-862258-65536 0 3 16170
939150-862259-65536 0 3 16014
939150-862260-65536 0 3 14505
939150-862261-65536 0 3 14646
939150-862262-65536 0 3 18108
939150-862263-65536 0 3 16166
939150-862264-65536 0 3 11134
939150-862265-65536 0 3 17454
939150-862266-65536 0 3 12204
939150-862267-65536 0 3 14633
939150-862268-65536 0 3 14695
939150-862269-65536 0 3 16015
939150-862270-65536 0 3 18559
939150-862271-65536 0 3 14677
939150-862272-65536 0 3 23209
939150-862273-65536 0 3 14013
939150-862274-65536 0 3 18407
939150-862275-65536 0 3 15723
939150-862276-65536 0 3 17920
939150-862277-65536 0 3 15932
939150-862278-65536 0 3 15961
939150-862279-65536 0 3 11554
939150-862280-65536 0 3 17827
939150-862281-65536 0 3 20606
939150-862282-65536 0 3 18708
939150-862283-65536 0 3 17085
939150-862284-65536 0 3 16571
939150-862285-65536 0 3 12910
939150-862286-65536 0 3 17451
939150-862287-65536 0 3 18322
939150-862288-65536 0 3 21796
939150-862289-65536 0 3 15616
939150-862290-65536 0 3 12827
939150-862291-65536 0 3 16151
939150-862292-65536 0 3 23463
939150-862293-65536 0 3 13533
939150-862294-65536 0 3 16006
939150-862295-65536 0 3 16645
939150-862296-65536 0 3 14594
939150-862297-65536 0 3 14023
939150-862298-65536 0 3 16880
939150-862299-65536 0 3 10636
939150-862300-65536 0 3 12090
939150-862301-65536 0 3 11769
939150-862302-65536 0 3 9585
939150-862303-65536 0 3 15047
939150-862304-65536 0 3 7025
939150-862305-65536 0 3 10726
939150-862306-65536 0 3 9446
939150-862307-65536 0 3 8844
939150-862308-65536 0 3 6387
939150-862309-65536 0 3 11680
939150-862310-65536 0 3 14235
939150-862311-65536 0 3 9783
939150-862312-65536 0 3 12801
939150-862313-65536 0 3 13300
939150-862314-65536 0 3 11705
939150-862315-65536 0 3 9424
939150-862316-65536 0 3 10286
939150-862317-65536 0 3 8909
939150-862318-65536 0 3 12813
939150-862319-65536 0 3 12219
939150-862320-65536 0 3 10756
939150-862321-65536 0 3 13704
939150-862322-65536 0 3 10159
939150-862323-65536 0 3 9033
939150-862324-65536 0 3 8469
939150-862325-65536 0 3 13153
939150-862326-65536 0 3 8886
939150-862327-65536 0 3 9534
939150-862328-65536 0 3 7748
939150-862329-65536 0 3 5167
939150-862330-65536 0 3 9286
939150-862331-65536 0 3 14104
939150-862332-65536 0 3 8015
939150-862333-65536 0 3 10097
939150-862334-65536 0 3 18405
939150-862335-65536 0 3 9858
939150-862336-65536 0 3 4622
939150-862337-65536 0 3 13546
939150-862338-65536 0 3 7688
939150-862339-65536 0 3 6563
939150-862340-65536 0 3 10979
939150-862341-65536 0 3 6473
939150-862342-65536 0 3 9544
939150-862343-65536 0 3 11095
939150-862344-65536 0 3 12507
939150-862345-65536 0 3 8501
939150-862346-65536 0 3 14399
939150-862347-65536 0 3 18774
939150-862348-65536 0 3 13664
939150-862349-65536 0 3 14339
939150-862350-65536 0 3 13814
939150-862351-65536 0 3 22632
939150-862352-65536 0 3 21732
939150-862353-65536 0 3 8301
939150-862354-65536 0 3 11449
939150-862355-65536 0 3 16479
939150-862356-65536 0 3 7879
939150-862357-65536 0 3 8150
939150-862358-65536 0 3 12677
939150-862359-65536 0 3 12086
939150-862360-65536 0 3 5587
939150-862361-65536 0 3 15487
939150-862362-65536 0 3 15608
939150-862363-65536 0 3 10368
939150-862364-65536 0 3 13140
939150-862365-65536 0 3 13094
939150-862366-65536 0 3 10311
939150-862367-65536 0 3 13160
939150-862368-65536 0 3 14545
939150-862369-65536 0 3 12417
939150-862370-65536 0 3 16258
939150-862371-65536 0 3 20657
939150-862372-65536 0 3 13128
939150-862373-65536 0 3 16169
939150-862374-65536 0 3 12590
939150-862375-65536 0 3 18816
939150-862376-65536 0 3 26865
939150-862377-65536 0 3 16429
939150-862378-65536 0 3 18484
939150-862379-65536 0 3 12757
939150-862380-65536 0 3 8971
939150-862381-65536 0 3 11726
939150-862382-65536 0 3 16168
939150-862383-65536 0 3 12661
939150-862384-65536 0 3 17659
939150-862385-65536 0 3 18961
939150-862386-65536 0 3 16592
939150-862387-65536 0 3 14201
939150-862388-65536 0 3 11585
939150-862389-65536 0 3 14900
939150-862390-65536 0 3 11490
939150-862391-65536 0 3 13225
939150-862392-65536 0 3 11277
939150-862393-65536 0 3 10194
939150-862106-65536 0 3 1804829
939150-862107-65536 0 3 1784114
939150-862108-65536 0 3 1870762
939150-862109-65536 0 3 1900144
939150-862110-65536 0 3 1773322
939150-862111-65536 0 3 1770681
939150-862112-65536 0 3 1877994
939150-862113-65536 0 3 1879509
939150-862114-65536 0 3 1640177
939150-862115-65536 0 3 1769996
939150-862116-65536 0 3 1732814
939150-862117-65536 0 3 1746839
939150-862118-65536 0 3 1794895
939150-862119-65536 0 3 1788026
939150-862120-65536 0 3 1699787
939150-862121-65536 0 3 1731927
939150-862122-65536 0 3 1801363
939150-862123-65536 0 3 1701004
939150-862124-65536 0 3 1824103
939150-862125-65536 0 3 1878495
939150-862126-65536 0 3 1852639
939150-862127-65536 0 3 1833214
939150-862128-65536 0 3 1714385
939150-862129-65536 0 3 1896751
939150-862130-65536 0 3 1887955
939150-862131-65536 0 3 1600715
939150-862132-65536 0 3 1774356
939150-862133-65536 0 3 1772859
939150-862134-65536 0 3 1691733
939150-862135-65536 0 3 1618679
939150-862136-65536 0 3 1813723
939150-862137-65536 0 3 1824377
939150-862138-65536 0 3 1765506
939150-862139-65536 0 3 1600497
939150-862140-65536 0 3 1642294
939150-862141-65536 0 3 1687551
939150-862142-65536 0 3 1741312
939150-862143-65536 0 3 1782557
939150-862144-65536 0 3 1841645
939150-862145-65536 0 3 1903403
939150-862146-65536 0 3 1696205
939150-862147-65536 0 3 1820479
939150-862148-65536 0 3 1851299
939150-862149-65536 0 3 1881381
939150-862150-65536 0 3 1661019
939150-862151-65536 0 3 1815940
939150-862152-65536 0 3 1709446
939150-862153-65536 0 3 1723131
939150-862154-65536 0 3 1731477
939150-862155-65536 0 3 1602586
939150-862156-65536 0 3 1593086
939150-862157-65536 0 3 1530420
939150-862158-65536 0 3 1709583
939150-862159-65536 0 3 1888327
939150-862160-65536 0 3 1749463
939150-862161-65536 0 3 1819035
939150-862162-65536 0 3 1772467
939150-862163-65536 0 3 1880651
939150-862164-65536 0 3 1835522
939150-862165-65536 0 3 1832809
939150-862166-65536 0 3 1868798
939150-862167-65536 0 3 1895169
939150-862168-65536 0 3 1911292
939150-862169-65536 0 3 1742887
939150-862170-65536 0 3 1829859
939150-862171-65536 0 3 1880950
939150-862172-65536 0 3 1793300
939150-862173-65536 0 3 1676645
939150-862174-65536 0 3 1800548
939150-862175-65536 0 3 1845849
939150-862176-65536 0 3 1718180
939150-862177-65536 0 3 1770982
939150-862178-65536 0 3 1877277
939150-862179-65536 0 3 1749093
939150-862180-65536 0 3 1530170
939150-862181-65536 0 3 1798984
939150-862182-65536 0 3 1816120
939150-862183-65536 0 3 1656631
939150-862184-65536 0 3 1682487
939150-862185-65536 0 3 1676869
939150-862186-65536 0 3 1737287
939150-862187-65536 0 3 1800221
939150-862188-65536 0 3 1737115
939150-862189-65536 0 3 1801733
939150-862190-65536 0 3 1796630
939150-862191-65536 0 3 1763382
939150-862192-65536 0 3 1816299
939150-862193-65536 0 3 1816138
939150-862194-65536 0 3 1405877
939150-862195-65536 0 3 1859259
939150-862196-65536 0 3 1684757
939150-862197-65536 0 3 1706984
939150-862198-65536 0 3 1739600
939150-862199-65536 0 3 1830481
939150-862200-65536 0 3 1895962
939150-862201-65536 0 3 1933020
939150-862202-65536 0 3 1932899
939150-862203-65536 0 3 1853650
939150-862204-65536 0 3 1913180
939150-862205-65536 0 3 1909740
939150-862206-65536 0 3 1879268
939150-862207-65536 0 3 1958164
939150-862208-65536 0 3 1720683
939150-862209-65536 0 3 1757159
939150-862210-65536 0 3 1868291
939150-862211-65536 0 3 1929434
939150-862212-65536 0 3 1625746
939150-862213-65536 0 3 1720086
939150-862214-65536 0 3 1753756
939150-862215-65536 0 3 1712298
939150-862216-65536 0 3 1861068
939150-862217-65536 0 3 1942917
939150-862218-65536 0 3 1906773
939150-862219-65536 0 3 1677372
939150-862220-65536 0 3 1721217
939150-862221-65536 0 3 1892047
939150-862222-65536 0 3 1652883
939150-862223-65536 0 3 1712280
939150-862224-65536 0 3 1771153
939150-862225-65536 0 3 1823848
939150-862226-65536 0 3 1776294
939150-862227-65536 0 3 1799726
939150-862228-65536 0 3 1730829
939150-862229-65536 0 3 1764678
939150-862230-65536 0 3 1652704
939150-862231-65536 0 3 1849552
939150-862232-65536 0 3 1891006
939150-862233-65536 0 3 1674969
939150-862234-65536 0 3 1671148
939150-862235-65536 0 3 1660467
939150-862236-65536 0 3 1820925
939150-862237-65536 0 3 1691256
939150-862238-65536 0 3 1865999
939150-862239-65536 0 3 1692364
939150-862240-65536 0 3 1688066
939150-862241-65536 0 3 1844587
939150-862242-65536 0 3 1912786
939150-862243-65536 0 3 1753756
939150-862244-65536 0 3 1868103
939150-862245-65536 0 3 1899234
939150-862246-65536 0 3 1894897
939150-862247-65536 0 3 1828131
939150-862248-65536 0 3 1811528
